16593
12392
15525
10295
10227
17188
14767
12289
12205
16593
14767
12392
10295
15525
10227
9778
12205
12392
14660
12428
9284
12429
15525
12487
11357
12777
16593
17272
17354
11913
14838
9778
10227
17475
13569
12026
16593
12392
10295
15525
16623
16195
12429
12428
12487
14660
12392
15525
16593
12777
12227
10295
16593
12392
16593
12392
10295
12226
16593
17462
14497
16593
12487
14660
12429
12107
12428
16967
12777
16593
11357
14660
12428
12487
12777
12429
16968
16593
17376
14660
12428
12487
12429
12777
15401
16971
15583
16972
16970
16969
16377
17504
12429
14660
12428
12777
17504
16378
17463
17378
14483
15020
13400
12487
15133
15132
12429
12428
9284
12777
11357
17522
17522
14483
14660
12428
12429
12487
12777
15077
12026
14660
12487
12429
12428
17493
14660
12428
12429
12487
16967
12777
16377
12026
16624
16196
12487
14660
12428
12429
12777
16968
16378
15584
15020
17532
17096
15077
13377
12026
16624
17473
16196